100 0.011129
100 0.005570
100 0.005776
100 0.006152
100 0.005710
100 0.005763
100 0.005667
100 0.005730
100 0.006852
100 0.007499
100 0.005865
100 0.005695
100 0.005738
100 0.005803
100 0.005791
100 0.005743
100 0.005619
100 0.005597
100 0.005610
100 0.005687
100 0.005631
100 0.005590
100 0.005633
100 0.005605
100 0.005670
100 0.005630
100 0.005593
100 0.005576
100 0.005561
100 0.005612
100 0.005594
100 0.005637
100 0.005612
100 0.005596
100 0.005564
100 0.005573
100 0.005563
100 0.005626
100 0.005587
100 0.005564
100 0.005796
100 0.005685
100 0.005667
100 0.005684
100 0.005614
100 0.005604
100 0.005585
100 0.005616
100 0.005620
100 0.005595
100 0.005559
100 0.005608
100 0.005584
100 0.005578
100 0.005632
100 0.005591
100 0.005588
100 0.005654
100 0.005629
100 0.005607
100 0.005613
100 0.005672
100 0.005695
100 0.005561
100 0.005598
100 0.005604
100 0.005613
100 0.005593
100 0.005591
100 0.005618
100 0.005592
100 0.005594
100 0.005561
100 0.005601
100 0.005647
100 0.005573
100 0.005614
100 0.005588
100 0.005606
100 0.005590
100 0.005630
100 0.005619
100 0.005627
100 0.005607
100 0.005621
100 0.005611
100 0.005635
100 0.005617
100 0.005562
100 0.005629
100 0.005585
100 0.005562
100 0.005605
100 0.005626
100 0.005642
100 0.005638
100 0.005687
100 0.005636
100 0.005625
100 0.005671
200 0.051152
200 0.046000
200 0.045767
200 0.046051
200 0.045812
200 0.045734
200 0.045770
200 0.045924
200 0.045791
200 0.045775
200 0.046007
200 0.045875
200 0.046113
200 0.046149
200 0.045975
200 0.045709
200 0.045857
200 0.045797
200 0.045821
200 0.045855
200 0.045912
200 0.045851
200 0.045843
200 0.045735
200 0.045768
200 0.045929
200 0.046488
200 0.045840
200 0.045775
200 0.046011
200 0.045740
200 0.046151
200 0.049301
200 0.045791
200 0.045746
200 0.045890
200 0.045775
200 0.045939
200 0.046443
200 0.046187
200 0.045851
200 0.045770
200 0.045771
200 0.045721
200 0.045866
200 0.045771
200 0.045831
200 0.045717
200 0.045746
200 0.045711
200 0.045719
200 0.045936
200 0.046216
200 0.045800
200 0.045693
200 0.048698
200 0.048312
200 0.051650
200 0.046681
200 0.046464
200 0.049509
200 0.046334
200 0.046600
200 0.046361
200 0.047159
200 0.046493
200 0.046386
200 0.046146
200 0.046310
200 0.045771
200 0.046098
200 0.045917
200 0.046049
200 0.048623
200 0.046377
200 0.046336
200 0.046306
200 0.046909
200 0.046350
200 0.046326
200 0.046055
200 0.047281
200 0.046214
200 0.046251
200 0.046227
200 0.046280
200 0.046076
200 0.046226
200 0.046141
200 0.045812
200 0.046317
200 0.045982
200 0.045900
200 0.045781
200 0.045872
200 0.045814
200 0.045776
200 0.046741
200 0.046737
200 0.045948
300 0.110504
300 0.104920
300 0.104678
300 0.104926
300 0.104885
300 0.105389
300 0.105992
300 0.106047
300 0.105860
300 0.105927
300 0.105096
300 0.105141
300 0.105260
300 0.105744
300 0.105661
300 0.105614
300 0.105800
300 0.139022
300 0.157239
300 0.114885
300 0.112820
300 0.105213
300 0.106150
300 0.106351
300 0.105568
300 0.106354
300 0.105315
300 0.106326
300 0.105546
300 0.112583
300 0.105850
300 0.104687
300 0.104565
300 0.106278
300 0.104642
300 0.106074
300 0.108495
300 0.105371
300 0.105124
300 0.105692
300 0.105338
300 0.108990
300 0.105856
300 0.106215
300 0.104839
300 0.104636
300 0.105180
300 0.105577
300 0.105646
300 0.104797
300 0.106077
300 0.105639
300 0.104747
300 0.105044
300 0.104674
300 0.104717
300 0.105460
300 0.104643
300 0.104712
300 0.113260
300 0.105596
300 0.105161
300 0.104809
300 0.104803
300 0.105697
300 0.105068
300 0.105242
300 0.105399
300 0.104742
300 0.104715
300 0.104681
300 0.105456
300 0.104677
300 0.104655
300 0.104638
300 0.104778
300 0.104632
300 0.105044
300 0.104644
300 0.108901
300 0.105476
300 0.105162
300 0.104746
300 0.104710
300 0.104684
300 0.107120
300 0.105006
300 0.105210
300 0.104728
300 0.104641
300 0.104976
300 0.105662
300 0.104780
300 0.106530
300 0.105056
300 0.104654
300 0.104519
300 0.104567
300 0.104716
300 0.107025
400 0.384950
400 0.386154
400 0.386487
400 0.387294
400 0.493589
400 0.385672
400 0.389792
400 0.389540
400 0.382386
400 0.387119
400 0.383812
400 0.385314
400 0.383346
400 0.389267
400 0.392075
400 0.382653
400 0.385016
400 0.383445
400 0.381881
400 0.383908
400 0.384593
400 0.383901
400 0.382848
400 0.385774
400 0.385043
400 0.383816
400 0.383308
400 0.386865
400 0.384671
400 0.391987
400 0.383296
400 0.384172
400 0.383956
400 0.385953
400 0.382947
400 0.387842
400 0.385752
400 0.384266
400 0.385448
400 0.384387
400 0.385242
400 0.383436
400 0.388964
400 0.383553
400 0.382749
400 0.382851
400 0.383245
400 0.384407
400 0.382306
400 0.384134
400 0.383044
400 0.386257
400 0.384146
400 0.382183
400 0.383136
400 0.383668
400 0.381960
400 0.382945
400 0.383307
400 0.382078
400 0.384881
400 0.382684
400 0.382554
400 0.381872
400 0.381919
400 0.382872
400 0.383129
400 0.381822
400 0.382670
400 0.381982
400 0.386414
400 0.387745
400 0.385838
400 0.478904
400 0.390758
400 0.388552
400 0.384783
400 0.386424
400 0.385686
400 0.383710
400 0.382255
400 0.382590
400 0.385981
400 0.382378
400 0.383061
400 0.382970
400 0.384405
400 0.382127
400 0.452666
400 0.391263
400 0.382133
400 0.384003
400 0.383278
400 0.399658
400 0.442764
400 0.391791
400 0.611503
400 0.398159
400 0.480313
400 0.400337
450 0.392544
450 0.390805
450 0.388347
450 0.392428
450 0.392300
450 0.421035
450 0.493508
450 0.390890
450 0.402635
450 0.389393
450 0.388566
450 0.392258
450 0.390263
450 0.399862
450 0.392509
450 0.389574
450 0.389007
450 0.391452
450 0.394705
450 0.390055
450 0.392435
450 0.395252
450 0.387881
450 0.390522
450 0.388972
450 0.392198
450 0.392182
450 0.512118
450 0.405731
450 0.392462
450 0.396052
450 0.392025
450 0.391353
450 0.392898
450 0.393471
450 0.390192
450 0.407891
450 0.548683
450 0.450250
450 0.418004
450 0.397392
450 0.401289
450 0.392401
450 0.392571
450 0.389767
450 0.388064
450 0.389702
450 0.387870
450 0.387751
450 0.389358
450 0.390474
450 0.387469
450 0.387901
450 0.387842
450 0.388102
450 0.386936
450 0.388784
450 0.386999
450 0.387785
450 0.387900
450 0.386998
450 0.398762
450 0.387579
450 0.389687
450 0.387035
450 0.388504
450 0.388356
450 0.387161
450 0.387158
450 0.387528
450 0.389410
450 0.388800
450 0.387160
450 0.388335
450 0.387562
450 0.387772
450 0.387410
450 0.387377
450 0.387942
450 0.387073
450 0.386993
450 0.389033
450 0.387286
450 0.387258
450 0.388222
450 0.387763
450 0.388226
450 0.387788
450 0.387105
450 0.388144
450 0.387308
450 0.387348
450 0.388243
450 0.388607
450 0.389544
450 0.387407
450 0.389484
450 0.388211
450 0.388714
450 0.391452
550 0.740724
550 0.789165
550 0.912370
550 0.733206
550 0.737892
550 0.743698
550 0.733234
550 0.729527
550 0.739612
550 0.743065
550 0.738896
550 0.736904
550 0.737877
550 0.742294
550 0.732516
550 0.739928
550 0.908471
550 0.735532
550 0.729609
550 0.737123
550 0.729794
550 0.737097
550 0.801383
550 0.749552
550 0.729960
550 0.729704
550 0.729084
550 0.731426
550 0.734350
550 0.730602
550 0.730297
550 0.728052
550 0.731265
550 0.729534
550 0.746183
550 0.731675
550 0.729078
550 0.729470
550 0.727579
550 0.728226
550 0.728963
550 0.727507
550 0.734836
550 0.808614
550 1.103382
550 0.928525
550 1.023333
550 1.062870
550 0.870024
550 0.798956
550 1.714491
550 1.009219
550 0.816712
550 0.792851
550 0.936091
550 0.885987
550 0.868767
550 0.911653
550 0.802550
550 0.758346
550 0.966733
550 0.803847
550 0.767600
550 0.825506
550 0.860089
550 1.872904
550 1.289687
550 1.199217
550 1.666008
550 1.672052
550 1.404443
550 1.161912
550 1.094720
550 0.735959
550 0.734450
550 0.728835
550 0.729903
550 0.734025
550 0.729736
550 0.736377
550 0.732861
550 0.731263
550 0.730151
550 0.735929
550 0.735313
550 0.771674
550 0.806827
550 0.776753
550 0.745088
550 0.734417
550 0.728901
550 0.728112
550 0.732484
550 0.739004
550 0.732395
550 0.732933
550 0.729060
550 0.738471
550 0.731999
550 0.732461
600 0.955641
600 1.128003
600 0.981361
600 0.935362
600 0.941288
600 0.947674
600 0.928145
600 0.988595
600 0.954925
600 0.941871
600 0.925019
600 0.933639
600 0.944443
600 0.930577
600 0.951602
600 0.928232
600 1.004985
600 1.040752
600 0.933749
600 0.927901
600 0.929302
600 0.930398
600 0.923983
600 0.926659
600 1.068412
600 1.073088
600 0.932406
600 1.025425
600 0.931515
600 0.928446
600 0.923350
600 0.923742
600 0.926154
600 0.924905
600 0.935006
600 0.922582
600 0.923480
600 0.924434
600 0.925646
600 0.926354
600 0.925591
600 0.922594
600 0.922180
600 0.923351
600 0.922443
600 0.934584
600 0.922808
600 0.925541
600 0.926494
600 0.923283
600 0.926063
600 0.922983
600 0.929881
600 0.924087
600 0.925949
600 0.922702
600 0.923326
600 0.927155
600 0.929710
600 1.045398
600 1.178678
600 0.933434
600 0.927957
600 0.923524
600 0.922533
600 0.930281
600 0.926691
600 0.924985
600 0.926255
600 0.923641
600 0.932397
600 0.938922
600 0.927651
600 0.923613
600 0.923892
600 0.931750
600 1.015127
600 1.310878
600 1.104295
600 0.947076
600 0.940990
600 0.934274
600 0.946560
600 0.931887
600 0.939532
600 0.932792
600 0.933949
600 0.933139
600 0.932938
600 0.932115
600 0.932952
600 0.934736
600 0.931385
600 0.934797
600 0.940548
600 0.938287
600 0.933813
600 0.936422
600 0.934766
600 0.943365
650 1.482483
650 1.513612
650 1.361313
650 1.355317
650 1.357563
650 1.353548
650 1.367123
650 1.404657
650 1.357037
650 1.332636
650 1.479632
650 1.361646
650 1.361193
650 1.356958
650 1.350344
650 1.336612
650 1.368335
650 1.354070
650 1.361607
650 1.368940
650 1.403270
650 1.353710
650 1.842803
650 1.346605
650 1.500056
650 1.515370
650 1.420804
650 1.325238
650 1.302551
650 1.316722
650 1.709295
650 1.327630
650 1.305925
650 1.337908
650 1.321963
650 1.312988
650 1.411537
650 1.313863
650 1.304963
650 1.314059
650 1.302329
650 1.305953
650 1.322694
650 1.310264
650 1.319386
650 1.319803
650 1.305331
650 1.326119
650 1.324209
650 1.720797
650 1.534236
650 1.563758
650 1.325476
650 1.316186
650 1.317494
650 1.493054
650 1.341909
650 1.316472
650 1.324779
650 1.327782
650 1.314929
650 1.328542
650 1.316810
650 1.305769
650 1.301321
650 1.333784
650 1.311877
650 1.310711
650 1.313106
650 1.325807
650 1.310497
650 1.307547
650 1.311401
650 1.305950
650 1.318872
650 1.310856
650 1.301956
650 1.316449
650 1.312141
650 1.303680
650 1.440863
650 1.709153
650 1.290716
650 1.280639
650 1.322531
650 1.332463
650 1.338790
650 1.336795
650 1.356125
650 1.357730
650 1.359002
650 1.361050
650 1.346691
650 1.369039
650 1.358108
650 1.369861
650 1.349910
650 1.322262
650 1.347240
650 1.303824
680 1.431968
680 1.587029
680 1.415537
680 1.398773
680 1.400589
680 1.424923
680 1.397333
680 1.412020
680 1.393159
680 1.394727
680 1.407231
680 1.407682
680 1.411681
680 1.482563
680 1.421525
680 1.388499
680 1.399647
680 1.617987
680 1.567615
680 1.425407
680 1.426642
680 1.471547
680 1.412035
680 1.406278
680 1.416906
680 1.411254
680 1.406471
680 1.404300
680 1.406209
680 1.418843
680 1.406556
680 1.406497
680 1.410979
680 1.406636
680 1.405894
680 1.404764
680 1.747154
680 1.429965
680 1.406359
680 1.391611
680 1.396192
680 1.385869
680 1.388607
680 1.420380
680 1.389277
680 1.385375
680 1.387008
680 1.386829
680 1.391776
680 1.381925
680 1.381158
680 1.383470
680 1.397336
680 1.385758
680 1.379034
680 1.388338
680 1.383789
680 1.378007
680 1.384440
680 1.386079
680 1.383823
680 1.393992
680 1.388497
680 1.392056
680 1.382125
680 1.391605
680 1.390397
680 1.700966
680 1.401374
680 1.389797
680 1.389271
680 1.389833
680 1.384691
680 1.388807
680 1.388927
680 1.381926
680 1.380398
680 1.381621
680 1.386141
680 1.399508
680 1.402927
680 1.387600
680 1.388129
680 1.388552
680 1.386625
680 1.386538
680 1.384397
680 1.382713
680 1.393243
680 1.382496
680 1.382549
680 1.386954
680 1.387202
680 1.385631
680 1.387200
680 1.390919
680 1.457697
680 1.855364
680 1.925278
680 1.422953
690 1.623049
690 1.620476
690 1.616248
690 1.625367
690 1.614153
690 1.611174
690 1.613464
690 1.579859
690 1.571823
690 1.558447
690 1.570389
690 1.584806
690 1.928943
690 1.798064
690 1.595023
690 1.802274
690 1.580536
690 1.632854
690 1.690072
690 1.712048
690 1.546990
690 1.520303
690 1.525486
690 1.721541
690 1.527228
690 1.528081
690 1.517550
690 1.518443
690 1.512437
690 1.857588
690 1.733549
690 1.760404
690 1.570251
690 1.588732
690 1.568949
690 1.586634
690 1.918441
690 1.535040
690 1.556233
690 1.551735
690 1.677049
690 1.537493
690 1.514751
690 1.519935
690 1.806319
690 2.179131
690 1.560512
690 1.527454
690 1.525592
690 1.523392
690 1.536805
690 1.528564
690 1.517857
690 1.528286
690 1.512387
690 1.514154
690 1.515717
690 1.512673
690 1.509846
690 1.522815
690 1.537527
690 1.514177
690 1.515352
690 1.513716
690 1.933465
690 1.856155
690 2.789256
690 2.169340
690 1.795440
690 1.808657
690 1.724012
690 1.659637
690 2.000155
690 2.006953
690 1.647716
690 1.683518
690 1.653576
690 1.651651
690 1.680835
690 1.642489
690 1.774068
690 1.674879
690 1.894100
690 1.719312
690 1.826983
690 1.821631
690 2.295135
690 2.057182
690 1.929718
690 1.986269
690 1.753132
690 1.794399
690 1.759414
690 1.774089
690 1.692657
690 1.901219
690 1.855551
690 2.078532
690 1.768236
690 1.675901
700 1.879783
700 1.719568
700 1.726818
700 1.709180
700 1.875003
700 1.986094
700 1.787561
700 1.764315
700 1.797103
700 1.917180
700 1.647298
700 1.645783
700 1.676757
700 1.807280
700 1.762721
700 1.755928
700 1.652732
700 1.746971
700 1.647199
700 1.661103
700 1.678687
700 1.862412
700 1.604126
700 1.594828
700 1.595216
700 1.843259
700 1.720606
700 1.597105
700 1.584304
700 1.585667
700 1.590293
700 1.761280
700 1.593720
700 1.584729
700 1.603297
700 1.698979
700 1.722369
700 1.930878
700 2.755605
700 2.115402
700 1.966005
700 1.903210
700 1.913903
700 1.793651
700 1.578808
700 1.550086
700 1.743450
700 1.576285
700 1.564450
700 1.573015
700 1.623378
700 1.690265
700 1.562135
700 1.551352
700 1.567701
700 1.809004
700 1.887270
700 1.764161
700 2.446756
700 1.708656
700 1.633313
700 1.650015
700 1.694038
700 1.659600
700 1.825801
700 1.847508
700 1.721999
700 1.632812
700 1.907640
700 1.634331
700 1.806293
700 1.615192
700 1.586814
700 1.586285
700 1.619946
700 1.713865
700 1.791220
700 1.718127
700 1.607504
700 1.594828
700 1.590976
700 1.592704
700 1.597982
700 1.780979
700 1.623022
700 1.674462
700 1.798786
700 1.608178
700 1.602931
700 1.590328
700 1.583244
700 1.894311
700 1.691292
700 1.666818
700 2.039607
700 1.774912
700 1.658684
700 1.650850
700 1.820053
700 1.908943
740 2.364083
740 2.137336
740 2.112152
740 2.329097
740 2.812315
740 2.128625
740 2.241641
740 2.389839
740 2.503439
740 2.148476
740 2.076416
740 2.108862
740 2.623832
740 2.154613
740 2.378678
740 1.986830
740 1.968018
740 2.038251
740 2.064066
740 2.234903
740 2.455979
740 2.960062
740 2.488077
740 2.058145
740 1.986121
740 1.973716
740 1.978768
740 1.951187
740 1.979161
740 1.948538
740 1.983848
740 2.092098
740 2.108857
740 1.969312
740 2.101106
740 2.132635
740 2.075188
740 2.001328
740 1.955975
740 1.956614
740 1.961202
740 1.956178
740 1.952302
740 2.012346
740 2.294938
740 2.017632
740 1.961452
740 2.494820
740 1.979481
740 1.951540
740 1.969993
740 1.966315
740 2.116054
740 1.985181
740 1.968417
740 2.123604
740 2.126985
740 1.968985
740 2.033956
740 1.958128
740 1.958512
740 1.947884
740 2.216643
740 3.099759
740 2.289315
740 2.346641
740 2.689265
740 2.140634
740 2.524467
740 3.056952
740 2.288806
740 2.181930
740 2.923257
740 2.925043
740 2.617014
740 2.161018
740 2.057628
740 2.086218
740 2.142514
740 2.036318
740 2.050215
740 2.088171
740 2.117724
740 2.143760
740 2.471315
740 2.204504
740 3.304672
740 3.358878
740 4.016702
740 3.610206
740 3.637765
740 3.713218
740 3.850534
740 3.762037
740 3.582236
740 3.111937
740 3.462469
740 3.603204
740 3.605385
740 3.777812
770 4.542438
770 4.317297
770 4.904557
770 5.296603
770 4.886351
770 4.546919
770 4.434783
770 4.413677
770 4.785066
770 5.110870
770 5.631218
770 3.721305
770 3.364901
770 3.344735
770 3.261432
770 3.213358
770 3.244637
770 3.221582
770 3.232608
770 3.361118
770 3.195056
770 3.073176
770 3.007834
770 4.142936
770 4.163851
770 3.685224
770 3.087266
770 2.988618
770 3.715742
770 3.380686
770 3.993871
770 5.116185
770 6.276130
770 5.244596
770 5.208203
770 4.976754
770 6.205216
770 5.099564
770 4.300813
770 3.971947
770 4.732049
770 5.481282
770 4.528596
770 3.813312
770 3.685893
770 4.805490
770 4.783288
770 4.262031
770 4.315927
770 4.036006
770 4.266866
770 3.297814
770 3.256769
770 3.519805
770 3.508165
770 3.359931
770 3.983676
770 3.703082
770 4.157386
770 4.755281
770 4.832049
770 4.598413
770 4.671461
770 4.504291
770 4.214246
770 4.491749
770 4.195725
770 4.224046
770 5.310532
770 4.965390
770 5.249557
770 5.189861
770 4.995721
770 4.544053
770 4.268660
770 4.599018
770 4.039200
770 5.536155
770 4.905393
770 6.527481
770 5.358311
770 4.599239
770 5.664820
770 5.329467
770 4.887349
770 5.005583
770 4.884230
770 4.900490
770 4.414535
770 4.589905
770 4.712677
770 4.374864
770 4.413885
770 4.489657
770 3.967376
770 4.028081
770 3.802657
770 4.465682
770 3.677823
770 4.310962
790 4.223540
790 3.925054
790 4.249538
790 4.358293
790 4.103397
790 4.752757
790 4.324634
790 4.802374
790 4.301740
790 4.895862
790 4.873543
790 4.872460
790 5.044008
790 4.653783
790 4.855458
790 5.449500
790 5.901002
790 4.971591
790 6.335821
790 6.323534
790 5.742213
790 5.086703
790 4.805047
790 4.599997
790 5.240364
790 5.265008
790 5.611529
790 4.856317
790 4.479968
790 4.702274
790 6.259187
790 5.905510
790 5.750012
790 6.412548
790 6.883209
790 5.151447
790 4.210053
790 3.549750
790 3.193648
790 3.226715
790 3.193454
790 3.257807
790 3.215947
790 3.760898
790 3.679926
790 3.976224
790 6.052737
790 6.002504
790 5.528349
790 5.585132
790 5.288351
790 4.806046
790 4.192928
790 4.451134
790 5.281822
790 5.888954
790 5.942573
790 5.862812
790 6.200689
790 5.958621
790 5.860300
790 5.182810
790 5.095263
790 4.874768
790 5.060768
790 4.785643
790 4.467217
790 5.124391
790 4.761995
790 4.723433
790 4.101531
790 4.637583
790 5.390447
790 5.553736
790 4.740249
790 5.952198
790 5.117295
790 4.628029
790 4.306977
790 4.650064
790 4.201926
790 3.570835
790 3.609898
790 3.423030
790 3.472039
790 3.745245
790 4.248378
790 3.332753
790 3.339153
790 3.462710
790 3.433082
790 3.385004
790 3.549362
790 3.958977
790 3.403909
790 3.302542
790 3.345241
790 3.629961
790 3.387749
790 3.318448
830 4.696796
830 4.431659
830 4.716049
830 4.318785
830 4.355680
830 4.643298
830 4.472393
830 4.486181
830 4.338510
830 4.502314
830 5.199778
830 5.324704
830 5.664838
830 5.807508
830 5.881077
830 5.533599
830 5.279472
830 5.700547
830 5.613808
830 5.346757
830 5.683833
830 5.026058
830 5.458671
830 6.219827
830 7.021470
830 6.491831
830 6.018392
830 5.762425
830 6.712781
830 6.251037
830 4.888113
830 4.595090
830 4.209377
830 4.290560
830 4.346773
830 4.544907
830 4.389897
830 4.162606
830 4.291182
830 4.137079
830 4.099094
830 4.082815
830 5.152003
830 4.627223
830 4.346122
830 4.167639
830 4.320693
830 4.220363
830 4.199488
830 4.216760
830 4.255989
830 4.271790
830 4.947277
830 5.276305
830 4.824406
830 4.385891
830 4.223891
830 4.265059
830 4.526886
830 5.616615
830 5.304726
830 5.154412
830 5.077140
830 5.090912
830 5.180543
830 5.160186
830 5.154105
830 5.083924
830 5.234547
830 5.295920
830 4.750887
830 4.165333
830 4.504116
830 5.275541
830 4.449626
830 6.299428
830 4.675623
830 4.458238
830 4.265728
830 5.931728
830 5.555902
830 5.490764
830 6.226811
830 6.428522
830 6.946661
830 6.931368
830 6.612521
830 5.948738
830 5.713466
830 5.754247
830 5.447652
830 4.931564
830 5.973670
830 5.820417
830 4.554169
830 4.500660
830 4.363093
830 4.161789
830 4.050991
830 4.160417
