490000 1.867030
490000 1.854537
490000 1.838966
490000 1.747025
490000 1.741584
490000 1.733236
490000 1.777505
490000 1.756476
490000 1.796361
490000 1.869480
490000 1.834598
490000 1.793623
490000 1.736792
490000 1.750987
490000 1.867373
490000 1.812618
490000 1.969925
490000 1.751577
490000 1.747536
490000 1.753823
490000 1.781383
490000 1.791899
490000 1.837818
490000 1.801559
490000 1.797517
490000 1.802123
490000 1.698234
490000 1.969802
490000 1.903753
490000 1.791929
490000 1.765163
490000 1.749068
490000 1.802297
490000 1.789587
490000 1.790676
490000 1.775664
490000 1.787089
490000 1.705064
490000 1.744455
490000 1.738378
490000 1.714450
490000 1.723838
490000 1.727430
490000 1.709890
490000 1.736022
490000 1.748018
490000 1.710721
490000 1.736132
490000 2.494992
490000 1.785829
490000 1.982822
490000 1.730216
490000 1.768711
490000 1.724692
490000 1.745058
490000 1.726067
490000 1.750622
490000 1.823598
490000 1.773835
490000 1.773255
490000 1.770136
490000 1.746628
490000 1.706865
490000 1.711400
490000 1.768445
490000 1.747476
490000 1.767753
490000 1.732090
490000 1.721647
490000 1.741203
490000 1.726727
490000 1.768827
490000 1.754564
490000 1.857023
490000 1.850684
490000 1.865960
490000 1.850962
490000 1.855270
490000 1.831312
490000 1.849082
490000 1.833133
490000 1.842208
490000 1.761914
490000 1.764692
490000 1.736918
490000 1.720131
490000 1.779664
490000 1.724835
490000 1.723234
490000 1.758872
490000 1.721220
490000 1.726963
490000 1.698632
490000 1.748774
490000 1.715391
490000 1.832764
490000 1.827505
490000 1.827014
490000 1.741681
490000 1.724580
250000 0.555573
250000 0.575850
250000 0.557367
250000 0.562498
250000 0.567924
250000 0.748772
250000 0.558301
250000 0.542598
250000 0.538811
250000 0.539170
250000 0.538065
250000 0.546955
250000 0.539025
250000 0.537529
250000 0.540677
250000 0.545231
250000 0.541040
250000 0.535604
250000 0.538401
250000 0.545619
250000 0.540441
250000 0.544076
250000 0.536727
250000 0.529594
250000 0.539478
250000 0.545359
250000 0.532956
250000 0.535874
250000 0.537670
250000 0.534171
250000 0.529109
250000 0.538154
250000 0.535398
250000 0.535725
250000 0.536987
250000 0.536856
250000 0.535360
250000 0.531295
250000 0.535160
250000 0.535789
250000 0.537992
250000 0.535466
250000 0.544785
250000 0.536066
250000 0.536223
250000 0.532386
250000 0.541498
250000 0.535481
250000 0.528632
250000 0.539444
250000 0.534852
250000 0.532533
250000 0.531934
250000 0.533240
250000 0.527957
250000 0.530715
250000 0.529322
250000 0.546115
250000 0.535741
250000 0.538565
250000 0.535552
250000 0.535815
250000 0.617756
250000 0.744224
250000 0.568402
250000 0.572264
250000 0.538282
250000 0.539079
250000 0.537538
250000 0.537398
250000 0.542333
250000 0.551248
250000 0.542484
250000 0.533292
250000 0.532315
250000 0.536464
250000 0.537952
250000 0.537210
250000 0.539736
250000 0.543077
250000 0.536011
250000 0.541225
250000 0.536476
250000 0.536144
250000 0.539999
250000 0.537961
250000 0.543702
250000 0.538668
250000 0.535056
250000 0.531151
250000 0.538325
250000 0.533818
250000 0.529850
250000 0.530132
250000 0.544181
250000 0.540213
250000 0.537759
250000 0.572947
250000 0.540722
250000 0.535871
160000 0.419854
160000 0.408891
160000 0.392774
160000 0.388310
160000 0.389770
160000 0.386964
160000 0.389996
160000 0.389156
160000 0.386266
160000 0.392677
160000 0.393391
160000 0.388546
160000 0.391576
160000 0.390492
160000 0.388549
160000 0.390158
160000 0.389552
160000 0.389283
160000 0.390906
160000 0.389488
160000 0.388658
160000 0.393641
160000 0.390058
160000 0.389537
160000 0.389018
160000 0.387856
160000 0.386933
160000 0.393570
160000 0.388342
160000 0.388895
160000 0.389003
160000 0.390141
160000 0.390630
160000 0.406139
160000 0.392002
160000 0.497980
160000 0.410400
160000 0.392572
160000 0.389258
160000 0.388135
160000 0.386630
160000 0.397745
160000 0.389250
160000 0.388229
160000 0.389405
160000 0.390154
160000 0.387093
160000 0.385973
160000 0.389604
160000 0.388578
160000 0.389063
160000 0.392726
160000 0.394469
160000 0.387149
160000 0.386365
160000 0.389046
160000 0.389882
160000 0.388764
160000 0.390677
160000 0.388782
160000 0.388364
160000 0.389126
160000 0.393587
160000 0.388619
160000 0.388411
160000 0.388185
160000 0.388709
160000 0.386045
160000 0.386380
160000 0.385436
160000 0.385745
160000 0.388812
160000 0.402192
160000 0.389191
160000 0.388451
160000 0.388780
160000 0.388733
160000 0.389334
160000 0.388470
160000 0.388223
160000 0.388224
160000 0.388822
160000 0.388858
160000 0.393704
160000 0.390905
160000 0.394281
160000 0.389993
160000 0.388487
160000 0.389509
160000 0.389394
160000 0.388334
160000 0.389999
160000 0.387279
160000 0.390147
160000 0.389005
160000 0.385828
160000 0.392267
160000 0.392745
160000 0.390571
160000 0.393234
10000 0.009710
10000 0.005983
10000 0.005792
10000 0.006123
10000 0.005903
10000 0.005737
10000 0.005650
10000 0.005830
10000 0.005723
10000 0.005669
10000 0.005685
10000 0.005685
10000 0.005705
10000 0.005661
10000 0.005697
10000 0.005703
10000 0.005712
10000 0.005747
10000 0.008992
10000 0.005708
10000 0.005832
10000 0.005761
10000 0.005682
10000 0.005678
10000 0.005740
10000 0.005674
10000 0.005736
10000 0.005702
10000 0.005719
10000 0.005669
10000 0.005706
10000 0.005760
10000 0.005758
10000 0.006036
10000 0.005690
10000 0.005829
10000 0.005692
10000 0.005714
10000 0.005869
10000 0.005955
10000 0.006104
10000 0.006454
10000 0.005868
10000 0.006025
10000 0.005936
10000 0.005705
10000 0.005688
10000 0.005688
10000 0.005721
10000 0.005697
10000 0.005848
10000 0.005719
10000 0.005706
10000 0.005670
10000 0.005701
10000 0.005708
10000 0.005794
10000 0.005730
10000 0.005733
10000 0.005711
10000 0.005701
10000 0.005705
10000 0.005742
10000 0.005702
10000 0.005708
10000 0.005761
10000 0.005892
10000 0.005733
10000 0.005742
10000 0.005690
10000 0.005726
10000 0.005704
10000 0.005773
10000 0.005829
10000 0.005685
10000 0.005690
10000 0.005748
10000 0.005665
10000 0.005714
10000 0.005701
10000 0.005715
10000 0.005680
10000 0.005738
10000 0.005697
10000 0.005717
10000 0.005839
10000 0.005716
10000 0.005730
10000 0.005688
10000 0.005725
10000 0.005673
10000 0.005781
10000 0.005705
10000 0.005726
10000 0.005728
10000 0.005719
10000 0.005702
10000 0.005674
10000 0.005715
10000 0.005696
2500 0.001893
2500 0.001832
2500 0.001220
2500 0.000809
2500 0.000758
2500 0.000723
2500 0.000740
2500 0.000898
2500 0.000854
2500 0.000732
2500 0.000723
2500 0.000747
2500 0.000715
2500 0.000676
2500 0.000680
2500 0.000643
2500 0.000632
2500 0.000651
2500 0.000747
2500 0.000768
2500 0.000644
2500 0.000725
2500 0.000686
2500 0.000646
2500 0.000685
2500 0.000635
2500 0.000645
2500 0.000647
2500 0.000664
2500 0.000924
2500 0.001137
2500 0.000675
2500 0.000650
2500 0.000672
2500 0.000645
2500 0.000772
2500 0.000644
2500 0.000631
2500 0.000652
2500 0.000639
2500 0.000724
2500 0.000814
2500 0.000654
2500 0.000638
2500 0.000646
2500 0.000650
2500 0.000718
2500 0.000646
2500 0.000637
2500 0.000652
2500 0.000629
2500 0.000650
2500 0.000685
2500 0.000629
2500 0.000651
2500 0.000664
2500 0.000651
2500 0.000642
2500 0.000665
2500 0.000692
2500 0.000715
2500 0.000635
2500 0.000630
2500 0.000651
2500 0.000666
2500 0.000650
2500 0.000636
2500 0.000629
2500 0.000648
2500 0.000640
2500 0.000666
2500 0.000653
2500 0.000661
2500 0.000630
2500 0.000647
2500 0.000638
2500 0.000672
2500 0.000636
2500 0.000636
2500 0.000631
2500 0.000651
2500 0.000630
2500 0.000668
2500 0.000653
2500 0.000631
2500 0.000654
2500 0.000697
2500 0.000645
2500 0.000677
2500 0.000642
2500 0.000630
2500 0.000648
2500 0.000652
2500 0.000644
2500 0.000674
2500 0.000635
2500 0.000632
2500 0.000645
2500 0.000650
2500 0.000631
