10000 0.011129
10000 0.005570
10000 0.005776
10000 0.006152
10000 0.005710
10000 0.005763
10000 0.005667
10000 0.005730
10000 0.006852
10000 0.007499
10000 0.005865
10000 0.005695
10000 0.005738
10000 0.005803
10000 0.005791
10000 0.005743
10000 0.005619
10000 0.005597
10000 0.005610
10000 0.005687
10000 0.005631
10000 0.005590
10000 0.005633
10000 0.005605
10000 0.005670
10000 0.005630
10000 0.005593
10000 0.005576
10000 0.005561
10000 0.005612
10000 0.005594
10000 0.005637
10000 0.005612
10000 0.005596
10000 0.005564
10000 0.005573
10000 0.005563
10000 0.005626
10000 0.005587
10000 0.005564
10000 0.005796
10000 0.005685
10000 0.005667
10000 0.005684
10000 0.005614
10000 0.005604
10000 0.005585
10000 0.005616
10000 0.005620
10000 0.005595
10000 0.005559
10000 0.005608
10000 0.005584
10000 0.005578
10000 0.005632
10000 0.005591
10000 0.005588
10000 0.005654
10000 0.005629
10000 0.005607
10000 0.005613
10000 0.005672
10000 0.005695
10000 0.005561
10000 0.005598
10000 0.005604
10000 0.005613
10000 0.005593
10000 0.005591
10000 0.005618
10000 0.005592
10000 0.005594
10000 0.005561
10000 0.005601
10000 0.005647
10000 0.005573
10000 0.005614
10000 0.005588
10000 0.005606
10000 0.005590
10000 0.005630
10000 0.005619
10000 0.005627
10000 0.005607
10000 0.005621
10000 0.005611
10000 0.005635
10000 0.005617
10000 0.005562
10000 0.005629
10000 0.005585
10000 0.005562
10000 0.005605
10000 0.005626
10000 0.005642
10000 0.005638
10000 0.005687
10000 0.005636
10000 0.005625
10000 0.005671
40000 0.051152
40000 0.046000
40000 0.045767
40000 0.046051
40000 0.045812
40000 0.045734
40000 0.045770
40000 0.045924
40000 0.045791
40000 0.045775
40000 0.046007
40000 0.045875
40000 0.046113
40000 0.046149
40000 0.045975
40000 0.045709
40000 0.045857
40000 0.045797
40000 0.045821
40000 0.045855
40000 0.045912
40000 0.045851
40000 0.045843
40000 0.045735
40000 0.045768
40000 0.045929
40000 0.046488
40000 0.045840
40000 0.045775
40000 0.046011
40000 0.045740
40000 0.046151
40000 0.049301
40000 0.045791
40000 0.045746
40000 0.045890
40000 0.045775
40000 0.045939
40000 0.046443
40000 0.046187
40000 0.045851
40000 0.045770
40000 0.045771
40000 0.045721
40000 0.045866
40000 0.045771
40000 0.045831
40000 0.045717
40000 0.045746
40000 0.045711
40000 0.045719
40000 0.045936
40000 0.046216
40000 0.045800
40000 0.045693
40000 0.048698
40000 0.048312
40000 0.051650
40000 0.046681
40000 0.046464
40000 0.049509
40000 0.046334
40000 0.046600
40000 0.046361
40000 0.047159
40000 0.046493
40000 0.046386
40000 0.046146
40000 0.046310
40000 0.045771
40000 0.046098
40000 0.045917
40000 0.046049
40000 0.048623
40000 0.046377
40000 0.046336
40000 0.046306
40000 0.046909
40000 0.046350
40000 0.046326
40000 0.046055
40000 0.047281
40000 0.046214
40000 0.046251
40000 0.046227
40000 0.046280
40000 0.046076
40000 0.046226
40000 0.046141
40000 0.045812
40000 0.046317
40000 0.045982
40000 0.045900
40000 0.045781
40000 0.045872
40000 0.045814
40000 0.045776
40000 0.046741
40000 0.046737
40000 0.045948
90000 0.110504
90000 0.104920
90000 0.104678
90000 0.104926
90000 0.104885
90000 0.105389
90000 0.105992
90000 0.106047
90000 0.105860
90000 0.105927
90000 0.105096
90000 0.105141
90000 0.105260
90000 0.105744
90000 0.105661
90000 0.105614
90000 0.105800
90000 0.139022
90000 0.157239
90000 0.114885
90000 0.112820
90000 0.105213
90000 0.106150
90000 0.106351
90000 0.105568
90000 0.106354
90000 0.105315
90000 0.106326
90000 0.105546
90000 0.112583
90000 0.105850
90000 0.104687
90000 0.104565
90000 0.106278
90000 0.104642
90000 0.106074
90000 0.108495
90000 0.105371
90000 0.105124
90000 0.105692
90000 0.105338
90000 0.108990
90000 0.105856
90000 0.106215
90000 0.104839
90000 0.104636
90000 0.105180
90000 0.105577
90000 0.105646
90000 0.104797
90000 0.106077
90000 0.105639
90000 0.104747
90000 0.105044
90000 0.104674
90000 0.104717
90000 0.105460
90000 0.104643
90000 0.104712
90000 0.113260
90000 0.105596
90000 0.105161
90000 0.104809
90000 0.104803
90000 0.105697
90000 0.105068
90000 0.105242
90000 0.105399
90000 0.104742
90000 0.104715
90000 0.104681
90000 0.105456
90000 0.104677
90000 0.104655
90000 0.104638
90000 0.104778
90000 0.104632
90000 0.105044
90000 0.104644
90000 0.108901
90000 0.105476
90000 0.105162
90000 0.104746
90000 0.104710
90000 0.104684
90000 0.107120
90000 0.105006
90000 0.105210
90000 0.104728
90000 0.104641
90000 0.104976
90000 0.105662
90000 0.104780
90000 0.106530
90000 0.105056
90000 0.104654
90000 0.104519
90000 0.104567
90000 0.104716
90000 0.107025
160000 0.384950
160000 0.386154
160000 0.386487
160000 0.387294
160000 0.493589
160000 0.385672
160000 0.389792
160000 0.389540
160000 0.382386
160000 0.387119
160000 0.383812
160000 0.385314
160000 0.383346
160000 0.389267
160000 0.392075
160000 0.382653
160000 0.385016
160000 0.383445
160000 0.381881
160000 0.383908
160000 0.384593
160000 0.383901
160000 0.382848
160000 0.385774
160000 0.385043
160000 0.383816
160000 0.383308
160000 0.386865
160000 0.384671
160000 0.391987
160000 0.383296
160000 0.384172
160000 0.383956
160000 0.385953
160000 0.382947
160000 0.387842
160000 0.385752
160000 0.384266
160000 0.385448
160000 0.384387
160000 0.385242
160000 0.383436
160000 0.388964
160000 0.383553
160000 0.382749
160000 0.382851
160000 0.383245
160000 0.384407
160000 0.382306
160000 0.384134
160000 0.383044
160000 0.386257
160000 0.384146
160000 0.382183
160000 0.383136
160000 0.383668
160000 0.381960
160000 0.382945
160000 0.383307
160000 0.382078
160000 0.384881
160000 0.382684
160000 0.382554
160000 0.381872
160000 0.381919
160000 0.382872
160000 0.383129
160000 0.381822
160000 0.382670
160000 0.381982
160000 0.386414
160000 0.387745
160000 0.385838
160000 0.478904
160000 0.390758
160000 0.388552
160000 0.384783
160000 0.386424
160000 0.385686
160000 0.383710
160000 0.382255
160000 0.382590
160000 0.385981
160000 0.382378
160000 0.383061
160000 0.382970
160000 0.384405
160000 0.382127
160000 0.452666
160000 0.391263
160000 0.382133
160000 0.384003
160000 0.383278
160000 0.399658
160000 0.442764
160000 0.391791
160000 0.611503
160000 0.398159
160000 0.480313
160000 0.400337
202500 0.392544
202500 0.390805
202500 0.388347
202500 0.392428
202500 0.392300
202500 0.421035
202500 0.493508
202500 0.390890
202500 0.402635
202500 0.389393
202500 0.388566
202500 0.392258
202500 0.390263
202500 0.399862
202500 0.392509
202500 0.389574
202500 0.389007
202500 0.391452
202500 0.394705
202500 0.390055
202500 0.392435
202500 0.395252
202500 0.387881
202500 0.390522
202500 0.388972
202500 0.392198
202500 0.392182
202500 0.512118
202500 0.405731
202500 0.392462
202500 0.396052
202500 0.392025
202500 0.391353
202500 0.392898
202500 0.393471
202500 0.390192
202500 0.407891
202500 0.548683
202500 0.450250
202500 0.418004
202500 0.397392
202500 0.401289
202500 0.392401
202500 0.392571
202500 0.389767
202500 0.388064
202500 0.389702
202500 0.387870
202500 0.387751
202500 0.389358
202500 0.390474
202500 0.387469
202500 0.387901
202500 0.387842
202500 0.388102
202500 0.386936
202500 0.388784
202500 0.386999
202500 0.387785
202500 0.387900
202500 0.386998
202500 0.398762
202500 0.387579
202500 0.389687
202500 0.387035
202500 0.388504
202500 0.388356
202500 0.387161
202500 0.387158
202500 0.387528
202500 0.389410
202500 0.388800
202500 0.387160
202500 0.388335
202500 0.387562
202500 0.387772
202500 0.387410
202500 0.387377
202500 0.387942
202500 0.387073
202500 0.386993
202500 0.389033
202500 0.387286
202500 0.387258
202500 0.388222
202500 0.387763
202500 0.388226
202500 0.387788
202500 0.387105
202500 0.388144
202500 0.387308
202500 0.387348
202500 0.388243
202500 0.388607
202500 0.389544
202500 0.387407
202500 0.389484
202500 0.388211
202500 0.388714
202500 0.391452
302500 0.740724
302500 0.789165
302500 0.912370
302500 0.733206
302500 0.737892
302500 0.743698
302500 0.733234
302500 0.729527
302500 0.739612
302500 0.743065
302500 0.738896
302500 0.736904
302500 0.737877
302500 0.742294
302500 0.732516
302500 0.739928
302500 0.908471
302500 0.735532
302500 0.729609
302500 0.737123
302500 0.729794
302500 0.737097
302500 0.801383
302500 0.749552
302500 0.729960
302500 0.729704
302500 0.729084
302500 0.731426
302500 0.734350
302500 0.730602
302500 0.730297
302500 0.728052
302500 0.731265
302500 0.729534
302500 0.746183
302500 0.731675
302500 0.729078
302500 0.729470
302500 0.727579
302500 0.728226
302500 0.728963
302500 0.727507
302500 0.734836
302500 0.808614
302500 1.103382
302500 0.928525
302500 1.023333
302500 1.062870
302500 0.870024
302500 0.798956
302500 1.714491
302500 1.009219
302500 0.816712
302500 0.792851
302500 0.936091
302500 0.885987
302500 0.868767
302500 0.911653
302500 0.802550
302500 0.758346
302500 0.966733
302500 0.803847
302500 0.767600
302500 0.825506
302500 0.860089
302500 1.872904
302500 1.289687
302500 1.199217
302500 1.666008
302500 1.672052
302500 1.404443
302500 1.161912
302500 1.094720
302500 0.735959
302500 0.734450
302500 0.728835
302500 0.729903
302500 0.734025
302500 0.729736
302500 0.736377
302500 0.732861
302500 0.731263
302500 0.730151
302500 0.735929
302500 0.735313
302500 0.771674
302500 0.806827
302500 0.776753
302500 0.745088
302500 0.734417
302500 0.728901
302500 0.728112
302500 0.732484
302500 0.739004
302500 0.732395
302500 0.732933
302500 0.729060
302500 0.738471
302500 0.731999
302500 0.732461
360000 0.955641
360000 1.128003
360000 0.981361
360000 0.935362
360000 0.941288
360000 0.947674
360000 0.928145
360000 0.988595
360000 0.954925
360000 0.941871
360000 0.925019
360000 0.933639
360000 0.944443
360000 0.930577
360000 0.951602
360000 0.928232
360000 1.004985
360000 1.040752
360000 0.933749
360000 0.927901
360000 0.929302
360000 0.930398
360000 0.923983
360000 0.926659
360000 1.068412
360000 1.073088
360000 0.932406
360000 1.025425
360000 0.931515
360000 0.928446
360000 0.923350
360000 0.923742
360000 0.926154
360000 0.924905
360000 0.935006
360000 0.922582
360000 0.923480
360000 0.924434
360000 0.925646
360000 0.926354
360000 0.925591
360000 0.922594
360000 0.922180
360000 0.923351
360000 0.922443
360000 0.934584
360000 0.922808
360000 0.925541
360000 0.926494
360000 0.923283
360000 0.926063
360000 0.922983
360000 0.929881
360000 0.924087
360000 0.925949
360000 0.922702
360000 0.923326
360000 0.927155
360000 0.929710
360000 1.045398
360000 1.178678
360000 0.933434
360000 0.927957
360000 0.923524
360000 0.922533
360000 0.930281
360000 0.926691
360000 0.924985
360000 0.926255
360000 0.923641
360000 0.932397
360000 0.938922
360000 0.927651
360000 0.923613
360000 0.923892
360000 0.931750
360000 1.015127
360000 1.310878
360000 1.104295
360000 0.947076
360000 0.940990
360000 0.934274
360000 0.946560
360000 0.931887
360000 0.939532
360000 0.932792
360000 0.933949
360000 0.933139
360000 0.932938
360000 0.932115
360000 0.932952
360000 0.934736
360000 0.931385
360000 0.934797
360000 0.940548
360000 0.938287
360000 0.933813
360000 0.936422
360000 0.934766
360000 0.943365
422500 1.482483
422500 1.513612
422500 1.361313
422500 1.355317
422500 1.357563
422500 1.353548
422500 1.367123
422500 1.404657
422500 1.357037
422500 1.332636
422500 1.479632
422500 1.361646
422500 1.361193
422500 1.356958
422500 1.350344
422500 1.336612
422500 1.368335
422500 1.354070
422500 1.361607
422500 1.368940
422500 1.403270
422500 1.353710
422500 1.842803
422500 1.346605
422500 1.500056
422500 1.515370
422500 1.420804
422500 1.325238
422500 1.302551
422500 1.316722
422500 1.709295
422500 1.327630
422500 1.305925
422500 1.337908
422500 1.321963
422500 1.312988
422500 1.411537
422500 1.313863
422500 1.304963
422500 1.314059
422500 1.302329
422500 1.305953
422500 1.322694
422500 1.310264
422500 1.319386
422500 1.319803
422500 1.305331
422500 1.326119
422500 1.324209
422500 1.720797
422500 1.534236
422500 1.563758
422500 1.325476
422500 1.316186
422500 1.317494
422500 1.493054
422500 1.341909
422500 1.316472
422500 1.324779
422500 1.327782
422500 1.314929
422500 1.328542
422500 1.316810
422500 1.305769
422500 1.301321
422500 1.333784
422500 1.311877
422500 1.310711
422500 1.313106
422500 1.325807
422500 1.310497
422500 1.307547
422500 1.311401
422500 1.305950
422500 1.318872
422500 1.310856
422500 1.301956
422500 1.316449
422500 1.312141
422500 1.303680
422500 1.440863
422500 1.709153
422500 1.290716
422500 1.280639
422500 1.322531
422500 1.332463
422500 1.338790
422500 1.336795
422500 1.356125
422500 1.357730
422500 1.359002
422500 1.361050
422500 1.346691
422500 1.369039
422500 1.358108
422500 1.369861
422500 1.349910
422500 1.322262
422500 1.347240
422500 1.303824
462400 1.431968
462400 1.587029
462400 1.415537
462400 1.398773
462400 1.400589
462400 1.424923
462400 1.397333
462400 1.412020
462400 1.393159
462400 1.394727
462400 1.407231
462400 1.407682
462400 1.411681
462400 1.482563
462400 1.421525
462400 1.388499
462400 1.399647
462400 1.617987
462400 1.567615
462400 1.425407
462400 1.426642
462400 1.471547
462400 1.412035
462400 1.406278
462400 1.416906
462400 1.411254
462400 1.406471
462400 1.404300
462400 1.406209
462400 1.418843
462400 1.406556
462400 1.406497
462400 1.410979
462400 1.406636
462400 1.405894
462400 1.404764
462400 1.747154
462400 1.429965
462400 1.406359
462400 1.391611
462400 1.396192
462400 1.385869
462400 1.388607
462400 1.420380
462400 1.389277
462400 1.385375
462400 1.387008
462400 1.386829
462400 1.391776
462400 1.381925
462400 1.381158
462400 1.383470
462400 1.397336
462400 1.385758
462400 1.379034
462400 1.388338
462400 1.383789
462400 1.378007
462400 1.384440
462400 1.386079
462400 1.383823
462400 1.393992
462400 1.388497
462400 1.392056
462400 1.382125
462400 1.391605
462400 1.390397
462400 1.700966
462400 1.401374
462400 1.389797
462400 1.389271
462400 1.389833
462400 1.384691
462400 1.388807
462400 1.388927
462400 1.381926
462400 1.380398
462400 1.381621
462400 1.386141
462400 1.399508
462400 1.402927
462400 1.387600
462400 1.388129
462400 1.388552
462400 1.386625
462400 1.386538
462400 1.384397
462400 1.382713
462400 1.393243
462400 1.382496
462400 1.382549
462400 1.386954
462400 1.387202
462400 1.385631
462400 1.387200
462400 1.390919
462400 1.457697
462400 1.855364
462400 1.925278
462400 1.422953
476100 1.623049
476100 1.620476
476100 1.616248
476100 1.625367
476100 1.614153
476100 1.611174
476100 1.613464
476100 1.579859
476100 1.571823
476100 1.558447
476100 1.570389
476100 1.584806
476100 1.928943
476100 1.798064
476100 1.595023
476100 1.802274
476100 1.580536
476100 1.632854
476100 1.690072
476100 1.712048
476100 1.546990
476100 1.520303
476100 1.525486
476100 1.721541
476100 1.527228
476100 1.528081
476100 1.517550
476100 1.518443
476100 1.512437
476100 1.857588
476100 1.733549
476100 1.760404
476100 1.570251
476100 1.588732
476100 1.568949
476100 1.586634
476100 1.918441
476100 1.535040
476100 1.556233
476100 1.551735
476100 1.677049
476100 1.537493
476100 1.514751
476100 1.519935
476100 1.806319
476100 2.179131
476100 1.560512
476100 1.527454
476100 1.525592
476100 1.523392
476100 1.536805
476100 1.528564
476100 1.517857
476100 1.528286
476100 1.512387
476100 1.514154
476100 1.515717
476100 1.512673
476100 1.509846
476100 1.522815
476100 1.537527
476100 1.514177
476100 1.515352
476100 1.513716
476100 1.933465
476100 1.856155
476100 2.789256
476100 2.169340
476100 1.795440
476100 1.808657
476100 1.724012
476100 1.659637
476100 2.000155
476100 2.006953
476100 1.647716
476100 1.683518
476100 1.653576
476100 1.651651
476100 1.680835
476100 1.642489
476100 1.774068
476100 1.674879
476100 1.894100
476100 1.719312
476100 1.826983
476100 1.821631
476100 2.295135
476100 2.057182
476100 1.929718
476100 1.986269
476100 1.753132
476100 1.794399
476100 1.759414
476100 1.774089
476100 1.692657
476100 1.901219
476100 1.855551
476100 2.078532
476100 1.768236
476100 1.675901
490000 1.879783
490000 1.719568
490000 1.726818
490000 1.709180
490000 1.875003
490000 1.986094
490000 1.787561
490000 1.764315
490000 1.797103
490000 1.917180
490000 1.647298
490000 1.645783
490000 1.676757
490000 1.807280
490000 1.762721
490000 1.755928
490000 1.652732
490000 1.746971
490000 1.647199
490000 1.661103
490000 1.678687
490000 1.862412
490000 1.604126
490000 1.594828
490000 1.595216
490000 1.843259
490000 1.720606
490000 1.597105
490000 1.584304
490000 1.585667
490000 1.590293
490000 1.761280
490000 1.593720
490000 1.584729
490000 1.603297
490000 1.698979
490000 1.722369
490000 1.930878
490000 2.755605
490000 2.115402
490000 1.966005
490000 1.903210
490000 1.913903
490000 1.793651
490000 1.578808
490000 1.550086
490000 1.743450
490000 1.576285
490000 1.564450
490000 1.573015
490000 1.623378
490000 1.690265
490000 1.562135
490000 1.551352
490000 1.567701
490000 1.809004
490000 1.887270
490000 1.764161
490000 2.446756
490000 1.708656
490000 1.633313
490000 1.650015
490000 1.694038
490000 1.659600
490000 1.825801
490000 1.847508
490000 1.721999
490000 1.632812
490000 1.907640
490000 1.634331
490000 1.806293
490000 1.615192
490000 1.586814
490000 1.586285
490000 1.619946
490000 1.713865
490000 1.791220
490000 1.718127
490000 1.607504
490000 1.594828
490000 1.590976
490000 1.592704
490000 1.597982
490000 1.780979
490000 1.623022
490000 1.674462
490000 1.798786
490000 1.608178
490000 1.602931
490000 1.590328
490000 1.583244
490000 1.894311
490000 1.691292
490000 1.666818
490000 2.039607
490000 1.774912
490000 1.658684
490000 1.650850
490000 1.820053
490000 1.908943
547600 2.364083
547600 2.137336
547600 2.112152
547600 2.329097
547600 2.812315
547600 2.128625
547600 2.241641
547600 2.389839
547600 2.503439
547600 2.148476
547600 2.076416
547600 2.108862
547600 2.623832
547600 2.154613
547600 2.378678
547600 1.986830
547600 1.968018
547600 2.038251
547600 2.064066
547600 2.234903
547600 2.455979
547600 2.960062
547600 2.488077
547600 2.058145
547600 1.986121
547600 1.973716
547600 1.978768
547600 1.951187
547600 1.979161
547600 1.948538
547600 1.983848
547600 2.092098
547600 2.108857
547600 1.969312
547600 2.101106
547600 2.132635
547600 2.075188
547600 2.001328
547600 1.955975
547600 1.956614
547600 1.961202
547600 1.956178
547600 1.952302
547600 2.012346
547600 2.294938
547600 2.017632
547600 1.961452
547600 2.494820
547600 1.979481
547600 1.951540
547600 1.969993
547600 1.966315
547600 2.116054
547600 1.985181
547600 1.968417
547600 2.123604
547600 2.126985
547600 1.968985
547600 2.033956
547600 1.958128
547600 1.958512
547600 1.947884
547600 2.216643
547600 3.099759
547600 2.289315
547600 2.346641
547600 2.689265
547600 2.140634
547600 2.524467
547600 3.056952
547600 2.288806
547600 2.181930
547600 2.923257
547600 2.925043
547600 2.617014
547600 2.161018
547600 2.057628
547600 2.086218
547600 2.142514
547600 2.036318
547600 2.050215
547600 2.088171
547600 2.117724
547600 2.143760
547600 2.471315
547600 2.204504
547600 3.304672
547600 3.358878
547600 4.016702
547600 3.610206
547600 3.637765
547600 3.713218
547600 3.850534
547600 3.762037
547600 3.582236
547600 3.111937
547600 3.462469
547600 3.603204
547600 3.605385
547600 3.777812
592900 4.542438
592900 4.317297
592900 4.904557
592900 5.296603
592900 4.886351
592900 4.546919
592900 4.434783
592900 4.413677
592900 4.785066
592900 5.110870
592900 5.631218
592900 3.721305
592900 3.364901
592900 3.344735
592900 3.261432
592900 3.213358
592900 3.244637
592900 3.221582
592900 3.232608
592900 3.361118
592900 3.195056
592900 3.073176
592900 3.007834
592900 4.142936
592900 4.163851
592900 3.685224
592900 3.087266
592900 2.988618
592900 3.715742
592900 3.380686
592900 3.993871
592900 5.116185
592900 6.276130
592900 5.244596
592900 5.208203
592900 4.976754
592900 6.205216
592900 5.099564
592900 4.300813
592900 3.971947
592900 4.732049
592900 5.481282
592900 4.528596
592900 3.813312
592900 3.685893
592900 4.805490
592900 4.783288
592900 4.262031
592900 4.315927
592900 4.036006
592900 4.266866
592900 3.297814
592900 3.256769
592900 3.519805
592900 3.508165
592900 3.359931
592900 3.983676
592900 3.703082
592900 4.157386
592900 4.755281
592900 4.832049
592900 4.598413
592900 4.671461
592900 4.504291
592900 4.214246
592900 4.491749
592900 4.195725
592900 4.224046
592900 5.310532
592900 4.965390
592900 5.249557
592900 5.189861
592900 4.995721
592900 4.544053
592900 4.268660
592900 4.599018
592900 4.039200
592900 5.536155
592900 4.905393
592900 6.527481
592900 5.358311
592900 4.599239
592900 5.664820
592900 5.329467
592900 4.887349
592900 5.005583
592900 4.884230
592900 4.900490
592900 4.414535
592900 4.589905
592900 4.712677
592900 4.374864
592900 4.413885
592900 4.489657
592900 3.967376
592900 4.028081
592900 3.802657
592900 4.465682
592900 3.677823
592900 4.310962
624100 4.223540
624100 3.925054
624100 4.249538
624100 4.358293
624100 4.103397
624100 4.752757
624100 4.324634
624100 4.802374
624100 4.301740
624100 4.895862
624100 4.873543
624100 4.872460
624100 5.044008
624100 4.653783
624100 4.855458
624100 5.449500
624100 5.901002
624100 4.971591
624100 6.335821
624100 6.323534
624100 5.742213
624100 5.086703
624100 4.805047
624100 4.599997
624100 5.240364
624100 5.265008
624100 5.611529
624100 4.856317
624100 4.479968
624100 4.702274
624100 6.259187
624100 5.905510
624100 5.750012
624100 6.412548
624100 6.883209
624100 5.151447
624100 4.210053
624100 3.549750
624100 3.193648
624100 3.226715
624100 3.193454
624100 3.257807
624100 3.215947
624100 3.760898
624100 3.679926
624100 3.976224
624100 6.052737
624100 6.002504
624100 5.528349
624100 5.585132
624100 5.288351
624100 4.806046
624100 4.192928
624100 4.451134
624100 5.281822
624100 5.888954
624100 5.942573
624100 5.862812
624100 6.200689
624100 5.958621
624100 5.860300
624100 5.182810
624100 5.095263
624100 4.874768
624100 5.060768
624100 4.785643
624100 4.467217
624100 5.124391
624100 4.761995
624100 4.723433
624100 4.101531
624100 4.637583
624100 5.390447
624100 5.553736
624100 4.740249
624100 5.952198
624100 5.117295
624100 4.628029
624100 4.306977
624100 4.650064
624100 4.201926
624100 3.570835
624100 3.609898
624100 3.423030
624100 3.472039
624100 3.745245
624100 4.248378
624100 3.332753
624100 3.339153
624100 3.462710
624100 3.433082
624100 3.385004
624100 3.549362
624100 3.958977
624100 3.403909
624100 3.302542
624100 3.345241
624100 3.629961
624100 3.387749
624100 3.318448
688900 4.696796
688900 4.431659
688900 4.716049
688900 4.318785
688900 4.355680
688900 4.643298
688900 4.472393
688900 4.486181
688900 4.338510
688900 4.502314
688900 5.199778
688900 5.324704
688900 5.664838
688900 5.807508
688900 5.881077
688900 5.533599
688900 5.279472
688900 5.700547
688900 5.613808
688900 5.346757
688900 5.683833
688900 5.026058
688900 5.458671
688900 6.219827
688900 7.021470
688900 6.491831
688900 6.018392
688900 5.762425
688900 6.712781
688900 6.251037
688900 4.888113
688900 4.595090
688900 4.209377
688900 4.290560
688900 4.346773
688900 4.544907
688900 4.389897
688900 4.162606
688900 4.291182
688900 4.137079
688900 4.099094
688900 4.082815
688900 5.152003
688900 4.627223
688900 4.346122
688900 4.167639
688900 4.320693
688900 4.220363
688900 4.199488
688900 4.216760
688900 4.255989
688900 4.271790
688900 4.947277
688900 5.276305
688900 4.824406
688900 4.385891
688900 4.223891
688900 4.265059
688900 4.526886
688900 5.616615
688900 5.304726
688900 5.154412
688900 5.077140
688900 5.090912
688900 5.180543
688900 5.160186
688900 5.154105
688900 5.083924
688900 5.234547
688900 5.295920
688900 4.750887
688900 4.165333
688900 4.504116
688900 5.275541
688900 4.449626
688900 6.299428
688900 4.675623
688900 4.458238
688900 4.265728
688900 5.931728
688900 5.555902
688900 5.490764
688900 6.226811
688900 6.428522
688900 6.946661
688900 6.931368
688900 6.612521
688900 5.948738
688900 5.713466
688900 5.754247
688900 5.447652
688900 4.931564
688900 5.973670
688900 5.820417
688900 4.554169
688900 4.500660
688900 4.363093
688900 4.161789
688900 4.050991
688900 4.160417
